4566363779
4170602860
4068586110
4141392991
4068058667
4128069422
4066384494
4093651036
4063978694
4121689136
4078602692
4119157149
4073713053
4114871275
4056482771
4131579440
4037542222
4118028125
4045310147
4124508240
4093727754
4118347757
4063079164
4129824423
4181047641
4506699409
4147982198
4135092125
4098791104
4188464683
4247890809
4273408299
4184549310
4231620002
4252966240
4455902567
4445414852
4244808287
4105236427
4194063538
4080693967
4177845299
4091836001
4161371760
4113295040
4117263031
4435964442
4518480349
4483827744
4559264656
4167295533
4473547045
4289106467
4477498106
4562502851
4454231032
4298805699
4358904777
4477732231
4338687785
4068795673
4165706560
4125080964
4152238766
3961149190
3900532367
3949673790
4106040712
3925317004
4227442713
4250302481
4054862062
3979411797
3845337029
3848389317
3879993065
3896100671
3869391985
4252132918
4277554536
4134713513
4210052996
4261408504
4171435956
4185380304
3922028710
3909423701
3908145798
3913900694
3957104048
3953489612
4005257034
3965341792
3992611741
3994428430
4026340398
4062854931
4092135151
4220305390
3955654079
3885261158
4190859592
4358227352
4114988408
3999328792
4188735092
4346237294
4305955789
4467060217
4106538385
4063892914
4178832054
3956889210
3927518625
3891496711
3906226944
3864219179
3902653932
3909476065
3887144113
3825523174
3931290052
4124057808
4117851678
4122082146
4160887942
4390817016
4187142717
4218340787
4231042664
4125674860
4171938593
4008614762
3996671770
4008560394
4016071055
4010898779
4500449658
4557212657
4423091186
4383173578
4263334963
4297280211
4199129417
4444322177
4588873178
4593551851
4478817670
4534566733
4427465964
4626522801
4343766056
4185291741
4244562171
3898083505
4437897684
4513223864
4623305421
4182680226
4194242809
4146797038
4179235176
4109773377
4071481708
4119926845
4132449332
4105650018
4082633059
4049705888
4118482072
4264751684
4037070453
4078156067
4332829767
4399248893
4377294327
4551300326
3923239091
4529668284
4891751472
4359137256
4000675668
4156114657
4427239065
4503537490
4629065896
4427625084
4630466848
4123465166
4269063482
4257708211
3875157383
3860778986
3902640340
3918839843
3889979923
3828230668
3840200198
3877270517
3901589844
3878225654
3898495438
4102730265
3932207906
3865889879
3922202218
3881541130
3893708539
3857445312
3918916557
3905733313
3906945990
3871858107
3883111443
3922414590
3898744791
3902857420
3850183345
3930086267
4161808225
4008678639
3946990750
3872289026
3927976623
3886213835
3857379715
3882069710
3925779409
3885759106
3866568555
3845839672
3873506982
3870639878
3897800007
3831222859
3869732872
3884993143
3858665919
3812645197
3867969364
3888492982
3911289424
3901054904
3833821805
3842048420
3909481923
3869478475
3844939351
3880077802
3895572002
3888358306
3892278435
3864201803
3844701900
3883913696
3848119018
3859565837
3897250804
3871635562
3831792994
3895398612
3882426951
3869803397
3827713193
3868676819
3862728684
3874326196
3843041870
3871732033
3847630784
3878887071
3920508249
3823317376
3853189733
3897709915
3879622036
3854254406
3919260624
3864662021
3929793433
3872968685
3881070554
3857998322
3910759189
3878360341
3882028899
3863210388
3879919922
3861268731
3841415044
3851309346
3909673324
3858055109
3900632867
4108016342
3897617647
3883613258
3835714476
3871421609
3959688871
3890979679
3831777459
3872400411
3886925634
3909731592
3849812395
3831079828
3884766111
3863022978
3873742767
3917456860
4275212934
4179666348
4336777563
3964447427
4033751657
4009133635
4037136672
4037278516
4253760555
4057724721
3957814063
4104012488
4350835414
4087305193
4633191109
4039658154
3937760289
3840355068
3857753341
3892215157
3905634922
4021498021
3896569063
3904012397
3880768431
3929633727
4294112052
4128013069
4071786497
3959872981
4104758282
3968153721
3976613956
4041622452
4260085231
4181096689
4281899403
4284745995
4261660607
4230258256
4382058093
4333310225
4180211432
4041115139
4066387397
4065153101
4125829616
4053813921
4014712371
4003030073
3980853497
3918793905
3940706098
3967187104
3932044326
3914088557
3954752067
4118215144
3899522927
3854350648
3903902150
4857411862
4414312426
4065502462
4031460717
3990319566
4009262940
3915934743
4042074176
3993737236
4144530662
4057203951
4095938568
4037393828
4812184905
4118490572
4118470495
4103265222
4165891335
3889786806
3882709322
3932655975
3889958815
3922789632
3879401819
3891594983
3860547868
3883789773
3839463269
3912307245
3883625417
3921352156
3923385521
3873666796
3896744708
3901977109
3905417396
3859538295
3906008589
3893084130
3876769609
3836531571
3907926929
3871069636
3905310819
3839799766
3880196401
3881638872
3909448132
3842707763
3867758932
3884294781
3947369384
4300585798
4247137292
3995282455
3915723787
3971356744
3980314934
3870237199
3887799184
