4.566363779
4.17060286
4.06858611
4.141392991
4.068058667
4.128069422
4.066384494
4.093651036
4.063978694
4.121689136
4.078602692
4.119157149
4.073713053
4.114871275
4.056482771
4.13157944
4.037542222
4.118028125
4.045310147
4.12450824
4.093727754
4.118347757
4.063079164
4.129824423
4.181047641
4.506699409
4.147982198
4.135092125
4.098791104
4.188464683
4.247890809
4.273408299
4.18454931
4.231620002
4.25296624
4.455902567
4.445414852
4.244808287
4.105236427
4.194063538
4.080693967
4.177845299
4.091836001
4.16137176
4.11329504
4.117263031
4.435964442
4.518480349
4.483827744
4.559264656
4.167295533
4.473547045
4.289106467
4.477498106
4.562502851
4.454231032
4.298805699
4.358904777
4.477732231
4.338687785
4.068795673
4.16570656
4.125080964
4.152238766
3.96114919
3.900532367
3.94967379
4.106040712
3.925317004
4.227442713
4.250302481
4.054862062
3.979411797
3.845337029
3.848389317
3.879993065
3.896100671
3.869391985
4.252132918
4.277554536
4.134713513
4.210052996
4.261408504
4.171435956
4.185380304
3.92202871
3.909423701
3.908145798
3.913900694
3.957104048
3.953489612
4.005257034
3.965341792
3.992611741
3.99442843
4.026340398
4.062854931
4.092135151
4.22030539
3.955654079
3.885261158
4.190859592
4.358227352
4.114988408
3.999328792
4.188735092
4.346237294
4.305955789
4.467060217
4.106538385
4.063892914
4.178832054
3.95688921
3.927518625
3.891496711
3.906226944
3.864219179
3.902653932
3.909476065
3.887144113
3.825523174
3.931290052
4.124057808
4.117851678
4.122082146
4.160887942
4.390817016
4.187142717
4.218340787
4.231042664
4.12567486
4.171938593
4.008614762
3.99667177
4.008560394
4.016071055
4.010898779
4.500449658
4.557212657
4.423091186
4.383173578
4.263334963
4.297280211
4.199129417
4.444322177
4.588873178
4.593551851
4.47881767
4.534566733
4.427465964
4.626522801
4.343766056
4.185291741
4.244562171
3.898083505
4.437897684
4.513223864
4.623305421
4.182680226
4.194242809
4.146797038
4.179235176
4.109773377
4.071481708
4.119926845
4.132449332
4.105650018
4.082633059
4.049705888
4.118482072
4.264751684
4.037070453
4.078156067
4.332829767
4.399248893
4.377294327
4.551300326
3.923239091
4.529668284
4.891751472
4.359137256
4.000675668
4.156114657
4.427239065
4.50353749
4.629065896
4.427625084
4.630466848
4.123465166
4.269063482
4.257708211
3.875157383
3.860778986
3.90264034
3.918839843
3.889979923
3.828230668
3.840200198
3.877270517
3.901589844
3.878225654
3.898495438
4.102730265
3.932207906
3.865889879
3.922202218
3.88154113
3.893708539
3.857445312
3.918916557
3.905733313
3.90694599
3.871858107
3.883111443
3.92241459
3.898744791
3.90285742
3.850183345
3.930086267
4.161808225
4.008678639
3.94699075
3.872289026
3.927976623
3.886213835
3.857379715
3.88206971
3.925779409
3.885759106
3.866568555
3.845839672
3.873506982
3.870639878
3.897800007
3.831222859
3.869732872
3.884993143
3.858665919
3.812645197
3.867969364
3.888492982
3.911289424
3.901054904
3.833821805
3.84204842
3.909481923
3.869478475
3.844939351
3.880077802
3.895572002
3.888358306
3.892278435
3.864201803
3.8447019
3.883913696
3.848119018
3.859565837
3.897250804
3.871635562
3.831792994
3.895398612
3.882426951
3.869803397
3.827713193
3.868676819
3.862728684
3.874326196
3.84304187
3.871732033
3.847630784
3.878887071
3.920508249
3.823317376
3.853189733
3.897709915
3.879622036
3.854254406
3.919260624
3.864662021
3.929793433
3.872968685
3.881070554
3.857998322
3.910759189
3.878360341
3.882028899
3.863210388
3.879919922
3.861268731
3.841415044
3.851309346
3.909673324
3.858055109
3.900632867
4.108016342
3.897617647
3.883613258
3.835714476
3.871421609
3.959688871
3.890979679
3.831777459
3.872400411
3.886925634
3.909731592
3.849812395
3.831079828
3.884766111
3.863022978
3.873742767
3.91745686
4.275212934
4.179666348
4.336777563
3.964447427
4.033751657
4.009133635
4.037136672
4.037278516
4.253760555
4.057724721
3.957814063
4.104012488
4.350835414
4.087305193
4.633191109
4.039658154
3.937760289
3.840355068
3.857753341
3.892215157
3.905634922
4.021498021
3.896569063
3.904012397
3.880768431
3.929633727
4.294112052
4.128013069
4.071786497
3.959872981
4.104758282
3.968153721
3.976613956
4.041622452
4.260085231
4.181096689
4.281899403
4.284745995
4.261660607
4.230258256
4.382058093
4.333310225
4.180211432
4.041115139
4.066387397
4.065153101
4.125829616
4.053813921
4.014712371
4.003030073
3.980853497
3.918793905
3.940706098
3.967187104
3.932044326
3.914088557
3.954752067
4.118215144
3.899522927
3.854350648
3.90390215
4.857411862
4.414312426
4.065502462
4.031460717
3.990319566
4.00926294
3.915934743
4.042074176
3.993737236
4.144530662
4.057203951
4.095938568
4.037393828
4.812184905
4.118490572
4.118470495
4.103265222
4.165891335
3.889786806
3.882709322
3.932655975
3.889958815
3.922789632
3.879401819
3.891594983
3.860547868
3.883789773
3.839463269
3.912307245
3.883625417
3.921352156
3.923385521
3.873666796
3.896744708
3.901977109
3.905417396
3.859538295
3.906008589
3.89308413
3.876769609
3.836531571
3.907926929
3.871069636
3.905310819
3.839799766
3.880196401
3.881638872
3.909448132
3.842707763
3.867758932
3.884294781
3.947369384
4.300585798
4.247137292
3.995282455
3.915723787
3.971356744
3.980314934
3.870237199
3.887799184
