97962455
98819139
97932948
97771255
97942947
98842774
97925073
98303654
99454084
98810918
98014724
99290991
98495044
98059989
99252006
99195763
97849979
105412365
110292302
111592079
104063757
106228154
106035424
107510525
106394751
106393353
108990671
114704594
100827973
120724221
99171046
103752762
105862908
97882363
101064235
103955757
101080745
98637639
100667382
99733371
98772104
98389657
98581344
98110290
102611227
98248293
98895860
99535955
99357869
103923316
99608825
101980635
99393398
99653499
100032381
100461474
99635191
100941050
99553323
98186406
99139591
99356795
100908433
102755857
99567181
101625032
100256924
99352916
99204696
105335475
100700321
100118665
103738971
103564299
100113424
103534219
98513456
97822039
98557616
104126971
99291380
99889142
97622559
99991800
99349922
99751140
119076258
101019469
99519879
103599094
100856825
97698274
101557732
101456621
100770761
103927395
100388650
98156385
101124886
98877293
98233934
100783909
102400613
100580004
99247185
99931828
99065004
102873048
98889594
99956667
99681776
100188588
100560422
101041669
103241935
103662938
102452769
101246534
97152935
99079720
101946299
101674851
104297221
101850960
100815622
100914658
104103110
105084888
104666943
100835019
99842085
100762602
104568057
105275457
105826570
107764246
103638913
101010943
111867706
102200316
104265847
105896103
100688052
104812131
108518134
103060021
107578470
105136406
105559322
106744936
106331520
104410067
106080670
120558338
118391682
110219001
106152464
108049299
105590594
105345562
103324583
114556079
122493573
117227313
116171143
107569058
108500789
111387935
112787097
106249217
109593546
115647238
107093812
105561062
113298323
134483941
129126320
108802364
114356919
109314931
117628482
119197484
112559892
119059562
131286142
118969322
110368602
105542733
105705452
108925104
105514587
106237976
108837296
104981985
111223795
106684038
106995522
104277452
106792906
103405337
100429115
101508471
102547177
130558598
101796638
102923662
104493263
100948855
102921790
102832835
105620462
102618265
102574491
101899620
106355220
105718151
104321621
100403931
101728148
114434892
112428273
114300235
106368613
118139385
106291061
104086909
114033463
115182851
102820379
102548924
101234307
101704246
106686700
114197568
107134698
105360466
104094565
108737061
117339933
109882107
106001966
119261447
105759705
103833930
105523277
103452843
117279783
103198314
105701216
103561202
103683220
106859445
104901959
100803112
106125393
102603257
102694067
108302155
106484196
103616191
106332405
110618360
104908017
103318416
107653487
106434704
106910217
121978840
105375927
104367514
105503825
105236107
119222004
107135397
104939492
104033540
107319658
108127563
109550451
107270100
106714488
120128182
106903818
106799988
106494445
115918432
104765518
105999028
116612385
112369766
105984180
103866345
106012247
125368832
108956554
99967818
104164015
103037309
104707308
102548166
103916975
109820792
117220179
116746451
118395831
103144390
110561284
104870715
105410269
107039749
107237636
103861810
101761484
103738278
106342076
107801001
107893372
105137965
107915093
104615370
101726509
104285906
104182265
99738988
104570956
107017705
108345054
103644961
101167878
102816763
113147879
106167823
116972117
103515643
103385201
115139983
105686103
104411883
102395715
102373526
113850953
125793267
104547687
120643721
114073566
113693779
120041750
105653605
104774614
107570389
108979505
117563018
103928267
102692193
102873943
104350494
106175746
120571269
107678624
106319305
105468088
117123945
116168047
124559208
108395718
105383080
106310850
114307338
104005352
113778935
107710010
107195933
105017633
118178706
116648951
116241620
115398257
116070691
111178386
103751363
103159688
102804646
104033575
115926507
114765297
117306969
116008369
111153520
107261155
108024437
107942871
108141843
113693457
116534041
111152684
110519825
108017471
106457123
106575562
106486358
106562905
106981464
105676189
118480621
106968244
107264935
106857016
104541520
104078175
124396944
107892113
109444160
106751758
110721186
108946885
101306853
101532995
102488612
103771470
102595844
101555218
103145518
103912695
103951663
103915537
106866115
103337699
104430084
102821813
111471311
111251849
108153646
103676121
102897935
117252286
116180346
103360895
102894760
114230304
104046747
103958527
106425906
111416929
103106539
106218528
106985459
117550940
102926887
107486695
111417606
125663424
110386874
110042095
108301897
104454524
113676934
103053616
105450921
106339798
103681642
119159969
116846838
104796465
106161686
104638904
103635823
105010953
109168370
105124184
117022747
110736974
107974271
103555682
111273792
106691250
110062732
107439299
108120235
112338654
110845372
108410680
110030670
119260458
110087972
110545555
114693443
117917599
107023681
112595662
108064319
116994336
124745483
106422318
119819189
117203894
116459199
107460203
118669441
107093051
108242125
108252428
112340025
121035870
119188750
106505124
106822392
106896712
111895377
108171005
118732195
112626035
107595484
118115408
127461458
123747517
108375836
107208104
106472078
107065221
110057583
107245987
107466768
110865304
112729201
108791377
106915775
105657424
123681516
107461355
106846087
111559680
101301864
114527103
105810221
103553555
104117262
103808472
105966951
110252124
124310443
105752294
116240536
102930700
102955270
108121943
115925706
103940152
108362965
114829031
105701185
104506426
105387193
106165733
117931546
125568088
108714665
114861776
107264008
106040237
107819796
116365074
120280111
117488946
104962726
120597293
109009269
121620745
116516500
110327126
122773060
117880776
102393882
106125045
117798075
124857133
106799573
104402130
103227271
108368152
115364323
103582866
103919669
106810498
104067988
105207560
107655369
111913372
104376784
109844399
108451218
97223541
106030897
105453516
108074317
106488306
105800820
104747805
110484891
105760064
105382332
103454333
106131772
108480025
110096608
106752635
106929384
104452135
107374149
107182082
104670160
105579407
107460680
107636370
102403161
105611555
107648801
107700459
105172162
104720327
103588425
103076199
107216814
106761221
105332307
106111309
110480327
120745447
105063329
108101856
123862540
106476891
106046123
114924453
109588533
121217610
119877996
113129640
107575267
107730174
107184725
106842040
105219425
133217199
109323291
112153091
120593610
105671304
107358896
108191802
110180185
102048460
102810756
103320357
103936754
105157978
118253685
114211452
106235817
114507045
105738125
107306183
115694796
103400952
116588661
108621783
102846679
103442476
115073435
109071951
108855641
104646750
107759031
105532151
118590206
103967190
114614467
104253069
106587104
110451918
103718417
100988114
116845537
120198530
114476365
111146576
104999685
117704231
114817675
103024174
103539096
104431208
122178987
102562696
103675328
111121960
119145408
107918158
105021230
102985064
103047916
107632923
105563446
109865641
117695259
105598727
104939041
105233894
118003762
103979563
98709751
110477319
106811105
108131912
105758583
118245292
106702438
103908799
102021612
104163547
105002889
103498354
104484238
101758108
105294834
105081620
108162070
121294261
105772405
101756888
105874334
114560285
102624476
104427046
103853364
107621007
105468161
114131767
109270665
108808082
101020147
104939561
103803857
102669390
103435808
101453110
122857234
103758348
108182253
102401489
101114598
104953976
103272281
106135156
102331247
104334420
110180113
117198525
103630029
105202758
112112136
104032146
103048531
123313972
107342681
109781787
108807260
112100018
117013569
105457915
104869804
100538081
104572501
103130091
101558769
110494024
101902954
103988281
105861451
106392090
121158046
116132343
121855057
118799529
116496326
101396024
111597999
103512508
105734195
122045633
125345643
107009111
117830398
105973856
108185979
106360935
101981662
110793452
103927799
117873225
115093937
112040503
103906156
119031677
113286877
105310833
114417452
114471903
116703216
104798834
103549085
110624050
107557740
110806149
104880754
103360275
111988986
115820659
108487797
108663067
105825324
111560186
105886587
116991732
104496464
104587768
108393522
109421658
103917524
106382385
99710899
111784836
108465305
103709218
106744084
115896238
105591658
110405605
119850378
109559566
107248897
104569715
107324761
108406221
108582298
104800750
109769143
102665818
105820422
104637499
102069764
117344376
112868831
103969044
110749510
119970386
112821632
106467916
103259925
101521360
110667100
115264910
105098777
104323766
106629427
104344752
105411417
116272018
106263598
102908416
103283572
105449867
102197613
125973366
110805510
104780023
106775132
108752639
109185684
119547256
103619474
110238891
109055287
105067204
104933347
104451566
108345072
102430733
104385085
110832218
118841893
105949650
115646695
117724427
114239372
106201559
101775374
104051348
110114319
106536216
106218423
109235045
108966712
109957630
109714828
104825110
104216472
111492685
102189859
108387885
109851017
104106279
105433299
112168486
109355490
117481610
105390564
101208558
113016691
117777361
108841241
109439787
114910038
105776978
104490742
105541575
122162095
107833702
109591067
109915760
104816770
107178562
107826992
109491887
103912057
104994841
101360332
115301447
109261045
107642906
118481882
108990094
123701113
121221751
109065785
108461467
114633969
102632481
110098349
105453476
103172911
103652221
102435716
103145302
112257103
104040467
105774180
