0.097962455
0.098819139
0.097932948
0.097771255
0.097942947
0.098842774
0.097925073
0.098303654
0.099454084
0.098810918
0.098014724
0.099290991
0.098495044
0.098059989
0.099252006
0.099195763
0.097849979
0.105412365
0.110292302
0.111592079
0.104063757
0.106228154
0.106035424
0.107510525
0.106394751
0.106393353
0.108990671
0.114704594
0.100827973
0.120724221
0.099171046
0.103752762
0.105862908
0.097882363
0.101064235
0.103955757
0.101080745
0.098637639
0.100667382
0.099733371
0.098772104
0.098389657
0.098581344
0.09811029
0.102611227
0.098248293
0.09889586
0.099535955
0.099357869
0.103923316
0.099608825
0.101980635
0.099393398
0.099653499
0.100032381
0.100461474
0.099635191
0.10094105
0.099553323
0.098186406
0.099139591
0.099356795
0.100908433
0.102755857
0.099567181
0.101625032
0.100256924
0.099352916
0.099204696
0.105335475
0.100700321
0.100118665
0.103738971
0.103564299
0.100113424
0.103534219
0.098513456
0.097822039
0.098557616
0.104126971
0.09929138
0.099889142
0.097622559
0.0999918
0.099349922
0.09975114
0.119076258
0.101019469
0.099519879
0.103599094
0.100856825
0.097698274
0.101557732
0.101456621
0.100770761
0.103927395
0.10038865
0.098156385
0.101124886
0.098877293
0.098233934
0.100783909
0.102400613
0.100580004
0.099247185
0.099931828
0.099065004
0.102873048
0.098889594
0.099956667
0.099681776
0.100188588
0.100560422
0.101041669
0.103241935
0.103662938
0.102452769
0.101246534
0.097152935
0.09907972
0.101946299
0.101674851
0.104297221
0.10185096
0.100815622
0.100914658
0.10410311
0.105084888
0.104666943
0.100835019
0.099842085
0.100762602
0.104568057
0.105275457
0.10582657
0.107764246
0.103638913
0.101010943
0.111867706
0.102200316
0.104265847
0.105896103
0.100688052
0.104812131
0.108518134
0.103060021
0.10757847
0.105136406
0.105559322
0.106744936
0.10633152
0.104410067
0.10608067
0.120558338
0.118391682
0.110219001
0.106152464
0.108049299
0.105590594
0.105345562
0.103324583
0.114556079
0.122493573
0.117227313
0.116171143
0.107569058
0.108500789
0.111387935
0.112787097
0.106249217
0.109593546
0.115647238
0.107093812
0.105561062
0.113298323
0.134483941
0.12912632
0.108802364
0.114356919
0.109314931
0.117628482
0.119197484
0.112559892
0.119059562
0.131286142
0.118969322
0.110368602
0.105542733
0.105705452
0.108925104
0.105514587
0.106237976
0.108837296
0.104981985
0.111223795
0.106684038
0.106995522
0.104277452
0.106792906
0.103405337
0.100429115
0.101508471
0.102547177
0.130558598
0.101796638
0.102923662
0.104493263
0.100948855
0.10292179
0.102832835
0.105620462
0.102618265
0.102574491
0.10189962
0.10635522
0.105718151
0.104321621
0.100403931
0.101728148
0.114434892
0.112428273
0.114300235
0.106368613
0.118139385
0.106291061
0.104086909
0.114033463
0.115182851
0.102820379
0.102548924
0.101234307
0.101704246
0.1066867
0.114197568
0.107134698
0.105360466
0.104094565
0.108737061
0.117339933
0.109882107
0.106001966
0.119261447
0.105759705
0.10383393
0.105523277
0.103452843
0.117279783
0.103198314
0.105701216
0.103561202
0.10368322
0.106859445
0.104901959
0.100803112
0.106125393
0.102603257
0.102694067
0.108302155
0.106484196
0.103616191
0.106332405
0.11061836
0.104908017
0.103318416
0.107653487
0.106434704
0.106910217
0.12197884
0.105375927
0.104367514
0.105503825
0.105236107
0.119222004
0.107135397
0.104939492
0.10403354
0.107319658
0.108127563
0.109550451
0.1072701
0.106714488
0.120128182
0.106903818
0.106799988
0.106494445
0.115918432
0.104765518
0.105999028
0.116612385
0.112369766
0.10598418
0.103866345
0.106012247
0.125368832
0.108956554
0.099967818
0.104164015
0.103037309
0.104707308
0.102548166
0.103916975
0.109820792
0.117220179
0.116746451
0.118395831
0.10314439
0.110561284
0.104870715
0.105410269
0.107039749
0.107237636
0.10386181
0.101761484
0.103738278
0.106342076
0.107801001
0.107893372
0.105137965
0.107915093
0.10461537
0.101726509
0.104285906
0.104182265
0.099738988
0.104570956
0.107017705
0.108345054
0.103644961
0.101167878
0.102816763
0.113147879
0.106167823
0.116972117
0.103515643
0.103385201
0.115139983
0.105686103
0.104411883
0.102395715
0.102373526
0.113850953
0.125793267
0.104547687
0.120643721
0.114073566
0.113693779
0.12004175
0.105653605
0.104774614
0.107570389
0.108979505
0.117563018
0.103928267
0.102692193
0.102873943
0.104350494
0.106175746
0.120571269
0.107678624
0.106319305
0.105468088
0.117123945
0.116168047
0.124559208
0.108395718
0.10538308
0.10631085
0.114307338
0.104005352
0.113778935
0.10771001
0.107195933
0.105017633
0.118178706
0.116648951
0.11624162
0.115398257
0.116070691
0.111178386
0.103751363
0.103159688
0.102804646
0.104033575
0.115926507
0.114765297
0.117306969
0.116008369
0.11115352
0.107261155
0.108024437
0.107942871
0.108141843
0.113693457
0.116534041
0.111152684
0.110519825
0.108017471
0.106457123
0.106575562
0.106486358
0.106562905
0.106981464
0.105676189
0.118480621
0.106968244
0.107264935
0.106857016
0.10454152
0.104078175
0.124396944
0.107892113
0.10944416
0.106751758
0.110721186
0.108946885
0.101306853
0.101532995
0.102488612
0.10377147
0.102595844
0.101555218
0.103145518
0.103912695
0.103951663
0.103915537
0.106866115
0.103337699
0.104430084
0.102821813
0.111471311
0.111251849
0.108153646
0.103676121
0.102897935
0.117252286
0.116180346
0.103360895
0.10289476
0.114230304
0.104046747
0.103958527
0.106425906
0.111416929
0.103106539
0.106218528
0.106985459
0.11755094
0.102926887
0.107486695
0.111417606
0.125663424
0.110386874
0.110042095
0.108301897
0.104454524
0.113676934
0.103053616
0.105450921
0.106339798
0.103681642
0.119159969
0.116846838
0.104796465
0.106161686
0.104638904
0.103635823
0.105010953
0.10916837
0.105124184
0.117022747
0.110736974
0.107974271
0.103555682
0.111273792
0.10669125
0.110062732
0.107439299
0.108120235
0.112338654
0.110845372
0.10841068
0.11003067
0.119260458
0.110087972
0.110545555
0.114693443
0.117917599
0.107023681
0.112595662
0.108064319
0.116994336
0.124745483
0.106422318
0.119819189
0.117203894
0.116459199
0.107460203
0.118669441
0.107093051
0.108242125
0.108252428
0.112340025
0.12103587
0.11918875
0.106505124
0.106822392
0.106896712
0.111895377
0.108171005
0.118732195
0.112626035
0.107595484
0.118115408
0.127461458
0.123747517
0.108375836
0.107208104
0.106472078
0.107065221
0.110057583
0.107245987
0.107466768
0.110865304
0.112729201
0.108791377
0.106915775
0.105657424
0.123681516
0.107461355
0.106846087
0.11155968
0.101301864
0.114527103
0.105810221
0.103553555
0.104117262
0.103808472
0.105966951
0.110252124
0.124310443
0.105752294
0.116240536
0.1029307
0.10295527
0.108121943
0.115925706
0.103940152
0.108362965
0.114829031
0.105701185
0.104506426
0.105387193
0.106165733
0.117931546
0.125568088
0.108714665
0.114861776
0.107264008
0.106040237
0.107819796
0.116365074
0.120280111
0.117488946
0.104962726
0.120597293
0.109009269
0.121620745
0.1165165
0.110327126
0.12277306
0.117880776
0.102393882
0.106125045
0.117798075
0.124857133
0.106799573
0.10440213
0.103227271
0.108368152
0.115364323
0.103582866
0.103919669
0.106810498
0.104067988
0.10520756
0.107655369
0.111913372
0.104376784
0.109844399
0.108451218
0.097223541
0.106030897
0.105453516
0.108074317
0.106488306
0.10580082
0.104747805
0.110484891
0.105760064
0.105382332
0.103454333
0.106131772
0.108480025
0.110096608
0.106752635
0.106929384
0.104452135
0.107374149
0.107182082
0.10467016
0.105579407
0.10746068
0.10763637
0.102403161
0.105611555
0.107648801
0.107700459
0.105172162
0.104720327
0.103588425
0.103076199
0.107216814
0.106761221
0.105332307
0.106111309
0.110480327
0.120745447
0.105063329
0.108101856
0.12386254
0.106476891
0.106046123
0.114924453
0.109588533
0.12121761
0.119877996
0.11312964
0.107575267
0.107730174
0.107184725
0.10684204
0.105219425
0.133217199
0.109323291
0.112153091
0.12059361
0.105671304
0.107358896
0.108191802
0.110180185
0.10204846
0.102810756
0.103320357
0.103936754
0.105157978
0.118253685
0.114211452
0.106235817
0.114507045
0.105738125
0.107306183
0.115694796
0.103400952
0.116588661
0.108621783
0.102846679
0.103442476
0.115073435
0.109071951
0.108855641
0.10464675
0.107759031
0.105532151
0.118590206
0.10396719
0.114614467
0.104253069
0.106587104
0.110451918
0.103718417
0.100988114
0.116845537
0.12019853
0.114476365
0.111146576
0.104999685
0.117704231
0.114817675
0.103024174
0.103539096
0.104431208
0.122178987
0.102562696
0.103675328
0.11112196
0.119145408
0.107918158
0.10502123
0.102985064
0.103047916
0.107632923
0.105563446
0.109865641
0.117695259
0.105598727
0.104939041
0.105233894
0.118003762
0.103979563
0.098709751
0.110477319
0.106811105
0.108131912
0.105758583
0.118245292
0.106702438
0.103908799
0.102021612
0.104163547
0.105002889
0.103498354
0.104484238
0.101758108
0.105294834
0.10508162
0.10816207
0.121294261
0.105772405
0.101756888
0.105874334
0.114560285
0.102624476
0.104427046
0.103853364
0.107621007
0.105468161
0.114131767
0.109270665
0.108808082
0.101020147
0.104939561
0.103803857
0.10266939
0.103435808
0.10145311
0.122857234
0.103758348
0.108182253
0.102401489
0.101114598
0.104953976
0.103272281
0.106135156
0.102331247
0.10433442
0.110180113
0.117198525
0.103630029
0.105202758
0.112112136
0.104032146
0.103048531
0.123313972
0.107342681
0.109781787
0.10880726
0.112100018
0.117013569
0.105457915
0.104869804
0.100538081
0.104572501
0.103130091
0.101558769
0.110494024
0.101902954
0.103988281
0.105861451
0.10639209
0.121158046
0.116132343
0.121855057
0.118799529
0.116496326
0.101396024
0.111597999
0.103512508
0.105734195
0.122045633
0.125345643
0.107009111
0.117830398
0.105973856
0.108185979
0.106360935
0.101981662
0.110793452
0.103927799
0.117873225
0.115093937
0.112040503
0.103906156
0.119031677
0.113286877
0.105310833
0.114417452
0.114471903
0.116703216
0.104798834
0.103549085
0.11062405
0.10755774
0.110806149
0.104880754
0.103360275
0.111988986
0.115820659
0.108487797
0.108663067
0.105825324
0.111560186
0.105886587
0.116991732
0.104496464
0.104587768
0.108393522
0.109421658
0.103917524
0.106382385
0.099710899
0.111784836
0.108465305
0.103709218
0.106744084
0.115896238
0.105591658
0.110405605
0.119850378
0.109559566
0.107248897
0.104569715
0.107324761
0.108406221
0.108582298
0.10480075
0.109769143
0.102665818
0.105820422
0.104637499
0.102069764
0.117344376
0.112868831
0.103969044
0.11074951
0.119970386
0.112821632
0.106467916
0.103259925
0.10152136
0.1106671
0.11526491
0.105098777
0.104323766
0.106629427
0.104344752
0.105411417
0.116272018
0.106263598
0.102908416
0.103283572
0.105449867
0.102197613
0.125973366
0.11080551
0.104780023
0.106775132
0.108752639
0.109185684
0.119547256
0.103619474
0.110238891
0.109055287
0.105067204
0.104933347
0.104451566
0.108345072
0.102430733
0.104385085
0.110832218
0.118841893
0.10594965
0.115646695
0.117724427
0.114239372
0.106201559
0.101775374
0.104051348
0.110114319
0.106536216
0.106218423
0.109235045
0.108966712
0.10995763
0.109714828
0.10482511
0.104216472
0.111492685
0.102189859
0.108387885
0.109851017
0.104106279
0.105433299
0.112168486
0.10935549
0.11748161
0.105390564
0.101208558
0.113016691
0.117777361
0.108841241
0.109439787
0.114910038
0.105776978
0.104490742
0.105541575
0.122162095
0.107833702
0.109591067
0.10991576
0.10481677
0.107178562
0.107826992
0.109491887
0.103912057
0.104994841
0.101360332
0.115301447
0.109261045
0.107642906
0.118481882
0.108990094
0.123701113
0.121221751
0.109065785
0.108461467
0.114633969
0.102632481
0.110098349
0.105453476
0.103172911
0.103652221
0.102435716
0.103145302
0.112257103
0.104040467
0.10577418
