70163178
44241184
43614398
44135401
41617145
42318875
41622527
41835787
40409168
41697940
44219029
51296340
42734254
49598758
42226450
50274337
47840700
44589454
44235333
47167980
41729663
44948125
43660403
45667765
44203582
45029488
43162227
41553615
41070563
39789372
41343272
40379891
38988290
39910393
39769160
40185756
39480002
38801564
43181702
40203967
39871856
40233437
43914228
41482596
41583567
44857199
40667860
40711989
41570799
40646857
40885590
40726262
41034615
39884152
42794229
39698684
40175840
39114083
39403065
42061606
40641047
40455095
39932470
41495580
39702929
58054258
39844345
39430522
40144467
39214377
39991433
40345436
39663489
43581395
42784071
44108294
42618424
41068244
45092301
48353980
41789764
42866046
47872499
46781482
43500383
44672061
42674823
42054774
44583679
42883695
39233502
42588176
42931319
39002622
41589103
41017165
43460842
40542262
48681468
40714580
45719507
44143112
52092854
49437959
42787478
41383502
57346329
39316098
43108484
41706400
40770644
41419462
41555240
42286117
40273899
42029189
42027796
42356808
41610375
41692858
41450888
42140280
40693367
44321771
43710757
40866500
40712898
41064212
43094524
44295801
42576860
41821829
51807744
43826909
41673805
41490151
42421804
42584369
42256296
44375342
44320666
44501463
44569248
43488460
64918096
43496367
43080354
44847527
45818284
41474438
42683533
44190124
48996224
44187807
42723392
44976902
43956602
44002436
45450986
47051297
44128769
43934981
47631769
46090173
45739269
45639488
44119512
45443385
45100845
46550708
45477420
44724513
44811677
65614945
57998646
50282600
48266985
42845447
47204599
53837313
54914300
52762636
43388171
44111682
44513364
43815984
45167421
45080001
44583473
44686693
43310010
44347147
43977500
43593374
44092304
46756007
44799448
46549278
42996705
44519338
43752546
46486974
44821227
45724163
47038274
44415833
49772800
46206145
40609277
40485221
40492614
41723506
45747006
46865294
63195156
44416381
43930715
41570267
41036414
42731910
40436073
40030825
40546795
43395474
39835389
39979642
41170238
50195491
46568750
52308283
43603800
42925042
40231798
49192995
46848639
52631750
51631594
63458352
48394112
55663861
59498353
60400137
56762343
58304893
55281665
55354591
56652931
45464506
47489640
43116790
43634287
44706131
42883149
41668011
41707953
43503483
46250195
46741643
45534333
46795530
42776590
44688025
47210269
54504248
41628718
42147919
41756225
41678439
41545807
41527830
52050396
61588870
45484531
43181761
55601045
56427796
57276510
54902820
56830218
40250768
42256041
41225877
50003666
42123280
41553205
42655598
41099364
42768748
42431110
41412118
41392508
42663411
48071006
51820249
46127621
43537215
43073428
42838683
43992913
41026497
40131266
59745959
42679804
41731400
44254218
43005956
42777037
41071951
41096532
44204907
41548148
41784253
42778465
41425134
41734693
44673742
41450924
43836419
42420652
40299472
40589266
39966528
43162573
41217685
42498032
43614947
44844289
44997725
43516606
46281267
43526506
44238250
43630694
42072076
41800789
41612213
41066334
40972562
41431940
43135718
42306316
44528040
42877881
42666801
42570696
41480704
41339736
46340281
59057114
42239747
48935327
58216594
54448302
53102040
53178702
52931942
52225507
55751260
54959474
50999907
51391766
42516236
42935939
56680830
54367425
55735790
55670774
53074499
46432288
45911602
44193230
54886804
56108232
56201551
49176321
46729546
43503049
51623760
44561951
67159150
45798061
54680877
43663174
44081369
46601536
50287969
62990185
55471943
56588227
58320209
58248486
60302839
52182552
57984202
56628942
57344752
55070644
61440480
67265000
58319338
58170040
48758300
47809622
50254976
49290928
45281998
