0.070163178
0.044241184
0.043614398
0.044135401
0.041617145
0.042318875
0.041622527
0.041835787
0.040409168
0.04169794
0.044219029
0.05129634
0.042734254
0.049598758
0.04222645
0.050274337
0.0478407
0.044589454
0.044235333
0.04716798
0.041729663
0.044948125
0.043660403
0.045667765
0.044203582
0.045029488
0.043162227
0.041553615
0.041070563
0.039789372
0.041343272
0.040379891
0.03898829
0.039910393
0.03976916
0.040185756
0.039480002
0.038801564
0.043181702
0.040203967
0.039871856
0.040233437
0.043914228
0.041482596
0.041583567
0.044857199
0.04066786
0.040711989
0.041570799
0.040646857
0.04088559
0.040726262
0.041034615
0.039884152
0.042794229
0.039698684
0.04017584
0.039114083
0.039403065
0.042061606
0.040641047
0.040455095
0.03993247
0.04149558
0.039702929
0.058054258
0.039844345
0.039430522
0.040144467
0.039214377
0.039991433
0.040345436
0.039663489
0.043581395
0.042784071
0.044108294
0.042618424
0.041068244
0.045092301
0.04835398
0.041789764
0.042866046
0.047872499
0.046781482
0.043500383
0.044672061
0.042674823
0.042054774
0.044583679
0.042883695
0.039233502
0.042588176
0.042931319
0.039002622
0.041589103
0.041017165
0.043460842
0.040542262
0.048681468
0.04071458
0.045719507
0.044143112
0.052092854
0.049437959
0.042787478
0.041383502
0.057346329
0.039316098
0.043108484
0.0417064
0.040770644
0.041419462
0.04155524
0.042286117
0.040273899
0.042029189
0.042027796
0.042356808
0.041610375
0.041692858
0.041450888
0.04214028
0.040693367
0.044321771
0.043710757
0.0408665
0.040712898
0.041064212
0.043094524
0.044295801
0.04257686
0.041821829
0.051807744
0.043826909
0.041673805
0.041490151
0.042421804
0.042584369
0.042256296
0.044375342
0.044320666
0.044501463
0.044569248
0.04348846
0.064918096
0.043496367
0.043080354
0.044847527
0.045818284
0.041474438
0.042683533
0.044190124
0.048996224
0.044187807
0.042723392
0.044976902
0.043956602
0.044002436
0.045450986
0.047051297
0.044128769
0.043934981
0.047631769
0.046090173
0.045739269
0.045639488
0.044119512
0.045443385
0.045100845
0.046550708
0.04547742
0.044724513
0.044811677
0.065614945
0.057998646
0.0502826
0.048266985
0.042845447
0.047204599
0.053837313
0.0549143
0.052762636
0.043388171
0.044111682
0.044513364
0.043815984
0.045167421
0.045080001
0.044583473
0.044686693
0.04331001
0.044347147
0.0439775
0.043593374
0.044092304
0.046756007
0.044799448
0.046549278
0.042996705
0.044519338
0.043752546
0.046486974
0.044821227
0.045724163
0.047038274
0.044415833
0.0497728
0.046206145
0.040609277
0.040485221
0.040492614
0.041723506
0.045747006
0.046865294
0.063195156
0.044416381
0.043930715
0.041570267
0.041036414
0.04273191
0.040436073
0.040030825
0.040546795
0.043395474
0.039835389
0.039979642
0.041170238
0.050195491
0.04656875
0.052308283
0.0436038
0.042925042
0.040231798
0.049192995
0.046848639
0.05263175
0.051631594
0.063458352
0.048394112
0.055663861
0.059498353
0.060400137
0.056762343
0.058304893
0.055281665
0.055354591
0.056652931
0.045464506
0.04748964
0.04311679
0.043634287
0.044706131
0.042883149
0.041668011
0.041707953
0.043503483
0.046250195
0.046741643
0.045534333
0.04679553
0.04277659
0.044688025
0.047210269
0.054504248
0.041628718
0.042147919
0.041756225
0.041678439
0.041545807
0.04152783
0.052050396
0.06158887
0.045484531
0.043181761
0.055601045
0.056427796
0.05727651
0.05490282
0.056830218
0.040250768
0.042256041
0.041225877
0.050003666
0.04212328
0.041553205
0.042655598
0.041099364
0.042768748
0.04243111
0.041412118
0.041392508
0.042663411
0.048071006
0.051820249
0.046127621
0.043537215
0.043073428
0.042838683
0.043992913
0.041026497
0.040131266
0.059745959
0.042679804
0.0417314
0.044254218
0.043005956
0.042777037
0.041071951
0.041096532
0.044204907
0.041548148
0.041784253
0.042778465
0.041425134
0.041734693
0.044673742
0.041450924
0.043836419
0.042420652
0.040299472
0.040589266
0.039966528
0.043162573
0.041217685
0.042498032
0.043614947
0.044844289
0.044997725
0.043516606
0.046281267
0.043526506
0.04423825
0.043630694
0.042072076
0.041800789
0.041612213
0.041066334
0.040972562
0.04143194
0.043135718
0.042306316
0.04452804
0.042877881
0.042666801
0.042570696
0.041480704
0.041339736
0.046340281
0.059057114
0.042239747
0.048935327
0.058216594
0.054448302
0.05310204
0.053178702
0.052931942
0.052225507
0.05575126
0.054959474
0.050999907
0.051391766
0.042516236
0.042935939
0.05668083
0.054367425
0.05573579
0.055670774
0.053074499
0.046432288
0.045911602
0.04419323
0.054886804
0.056108232
0.056201551
0.049176321
0.046729546
0.043503049
0.05162376
0.044561951
0.06715915
0.045798061
0.054680877
0.043663174
0.044081369
0.046601536
0.050287969
0.062990185
0.055471943
0.056588227
0.058320209
0.058248486
0.060302839
0.052182552
0.057984202
0.056628942
0.057344752
0.055070644
0.06144048
0.067265
0.058319338
0.05817004
0.0487583
0.047809622
0.050254976
0.049290928
0.045281998
